Precision: 0.9020893076607948
Recall: 0.9901079136690647
F1-score: 0.9440514469453376
